1
2
3
6
7
8
9
11
12
15
16
17
19
20
21
23
25
26
28
29
31
32
33
34
35
36
37
38
39
40
41
42
43
45
47
48
50
52
53
55
56
57
58
60
61
62
66
68
69
70
71
72
73
74
75
76
78
79
81
82
83
85
86
87
88
89
90
91
92
93
94
96
97
98
99
100
102
103
105
106
107
108
109
110
111
112
114
117
118
119
120
123
124
125
127
128
129
131
132
133
136
137
138
139
140
141
143
144
145
146
147
148
149
151
152
153
155
157
158
162
163
164
165
166
168
169
172
174
176
177
178
179
181
182
183
184
185
186
187
188
189
190
191
192
193
195
196
197
198
199
200
202
203
207
208
209
210
213
214
215
217
220
222
224
225
226
228
229
230
232
233
234
235
239
240
241
242
243
244
246
247
248
249
250
251
253
254
257
259
260
262
264
265
266
267
270
271
272
273
275
276
277
278
279
280
281
282
283
284
285
286
287
288
289
290
291
292
293
294
297
298
299
302
306
307
308
311
312
313
315
316
317
319
320
322
324
325
328
329
331
332
333
334
335
336
338
339
340
341
342
345
346
348
349
350
351
352
353
354
355
360
361
363
365
366
367
368
369
370
371
374
375
378
380
381
382
383
384
385
387
388
389
390
391
393
394
395
396
397
398
399
400
401
403
404
405
406
407
409
410
413
414
416
418
419
420
424
425
426
432
433
434
435
436
438
439
441
442
443
446
448
450
451
452
453
454
455
456
457
458
462
463
464
465
468
470
471
472
473
474
476
477
478
479
482
484
485
486
487
488
490
491
493
495
496
498
501
502
503
504
505
506
508
509
510
512
513
514
516
519
520
522
523
524
526
528
529
530
531
532
533
534
535
537
538
541
542
544
545
546
547
548
549
551
552
556
558
559
566
568
573
575
576
577
578
579
580
583
586
587
588
589
590
592
593
594
596
598
599
600
602
604
605
609
610
611
612
614
616
619
620
621
622
624
625
627
628
630
631
632
634
636
637
639
640
641
642
643
644
648
649
651
652
653
655
656
660
663
664
665
667
670
673
674
675
676
677
678
679
680
681
682
683
684
685
686
687
689
690
692
693
694
697
699
701
703
704
705
706
707
708
709
711
712
714
715
716
717
718
719
720
721
723
724
725
726
727
728
729
730
731
732
733
734
735
736
737
738
742
743
744
746
747
750
753
754
755
756
758
759
761
762
767
769
770
771
772
774
776
777
778
780
781
782
783
784
785
786
787
788
789
790
791
794
798
799
800
801
802
804
805
806
808
809
810
811
815
816
818
819
821
822
825
826
827
830
831
832
833
834
836
837
839
842
844
845
846
847
851
852
853
854
855
856
858
859
860
861
862
863
864
866
867
869
870
871
873
875
876
878
879
880
881
882
883
884
890
891
892
893
895
897
898
900
902
903
904
905
906
907
908
910
912
915
916
918
919
920
921
922
923
924
925
926
927
928
929
931
934
936
937
940
943
947
949
951
953
954
955
957
958
959
960
961
962
964
965
966
967
968
969
970
972
973
974
975
976
977
978
979
981
982
984
985
986
987
988
990
991
993
994
996
997
998
1000
1003
1004
1005
1006
1007
1008
1009
1010
1011
1012
1014
1015
1016
1017
1018
1024
1025
1026
1027
1028
1029
1030
1033
1036
1038
1040
1041
1042
1044
1048
1049
1050
1051
1053
1054
1055
1056
1058
1060
1061
1062
1063
1064
1067
1068
1069
1070
1071
1075
1076
1078
1079
1081
1082
1085
1087
1088
1089
1090
1091
1092
1094
1095
1096
1097
1098
1099
1100
1102
1103
1104
1106
1107
1108
1109
1110
1111
1113
1114
1115
1116
1117
1118
1120
1122
1123
1124
1126
1129
1130
1131
1132
1133
1135
1136
1138
1139
1140
1141
1142
1143
1145
1147
1148
1150
1151
1152
1153
1155
1156
1157
1158
1160
1161
1162
1164
1165
1167
1168
1169
1170
1172
1175
1176
1178
1179
1180
1182
1183
1184
1187
1188
1189
1190
1191
1192
1194
1195
1196
1198
1199
1201
1202
1203
1204
1205
1206
1207
1211
1212
1213
1215
1217
1219
1220
1224
1226
1227
1228
1229
1230
1231
1233
1234
1235
1238
1239
1240
1241
1242
1244
1245
1246
1248
1250
1255
1256
1257
1258
1259
1260
1261
1263
1271
1272
1273
1276
1277
1278
1279
1280
1281
1282
1284
1285
1286
1288
1289
1291
1292
1294
1297
1299
1300
1302
1303
1306
1307
1309
1310
1312
1313
1315
1316
1317
1319
1320
1321
1322
1323
1325
1326
1327
1329
1331
1334
1335
1336
1337
1338
1340
1341
1343
1344
1345
1346
1347
1350
1351
1352
1354
1355
1356
1358
1359
1361
1362
1364
1365
1366
1367
1368
1369
1370
1371
1372
1373
1374
1376
1377
1379
1380
1381
1382
1383
1384
1385
1386
1387
1388
1389
1390
1392
1394
1395
1396
1397
1398
1399
1400
1401
1403
1404
1405
1406
1407
1409
1410
1411
1412
1413
1415
1416
1417
1418
1419
1420
1421
1423
1425
1427
1429
1431
1432
1433
1434
1437
1438
1442
1444
1445
1446
1447
1448
1449
1450
1453
1454
1455
1456
1457
1458
1459
1460
1461
1462
1465
1466
1467
1468
1469
1471
1472
1473
1474
1475
1479
1480
1481
1483
1484
1485
1486
1488
1491
1492
1493
1495
1496
1497
1498
1499
1500
1501
1502
1503
1505
1506
1507
1508
1509
1510
1512
1513
1514
1515
1516
1518
1519
1520
1521
1522
1524
1525
1526
1527
1528
1529
1530
1531
1532
1533
1534
1536
1538
1539
1540
1541
1542
1544
1545
1547
1548
1549
1550
1551
1552
1553
1554
1557
1561
1563
1564
1565
1567
1568
1569
1571
1574
1575
1577
1579
1580
1581
1582
1584
1585
1586
1587
1588
1592
1594
1595
1596
1597
1598
1599
1600
1601
1602
1603
1604
1605
1606
1607
1608
1609
1610
1611
1612
1613
1614
1616
1618
1619
1620
1622
1623
1624
1626
1627
1628
1631
1633
1637
1638
1639
1640
1641
1642
1643
1644
1646
1647
1649
1650
1651
1653
1654
1655
1656
1657
1658
1659
1660
1661
1662
1663
1664
1665
1666
1667
1669
1670
1671
1672
1673
1676
1677
1678
1679
1680
1681
1683
1684
1685
1686
1687
1688
1689
1690
1691
1692
1693
1694
1696
1697
1699
1700
1701
1702
1704
1705
1706
1707
1708
1709
1710
1711
1712
1713
1714
1715
1716
1718
1719
1720
1723
1724
1725
1727
1728
1730
1732
1733
1735
1737
1739
1740
1741
1744
1745
1746
1748
1749
1750
1754
1757
1758
1759
1760
1761
1765
1768
1769
1771
1772
1774
1775
1776
1777
1778
1779
1781
1782
1783
1785
1787
1788
1789
1790
1791
1794
1796
1799
1801
1802
1803
1804
1808
1809
1810
1811
1812
1813
1817
1818
1820
1821
1822
1824
1825
1826
1828
1830
1831
1832
1833
1834
1835
1836
1839
1843
1844
1845
1846
1847
1848
1850
1851
1852
1854
1855
1857
1858
1859
1860
1861
1862
1863
1866
1868
1869
1870
1871
1873
1874
1875
1878
1879
1880
1881
1882
1883
1884
1885
1887
1888
1890
1891
1892
1893
1894
1896
1898
1899
1900
1901
1902
1904
1905
1907
1910
1911
1912
1915
1918
1919
1920
1922
1923
1926
1928
1929
1930
1931
1933
1934
1938
1939
1941
1942
1943
1945
1948
1949
1951
1952
1953
1958
1959
1963
1964
1966
1967
1968
1970
1972
1975
1977
1979
1980
1981
1983
1984
1985
1986
1987
1988
1989
1992
1993
1995
2000
2003
2004
2005
2008
2009
2010
2011
2013
2014
2015
2016
2018
2019
2020
2022
2023
2024
2025
2027
2028
2029
2032
2035
2036
2038
2039
2040
2041
2043
2044
2046
2048
2050
2051
2053
2055
2056
2057
2059
2061
2062
2063
2064
2066
2070
2071
2072
2073
2074
2075
2077
2079
2080
2082
2083
2084
2085
2086
2088
2090
2091
2093
2095
2096
2098
2099
2101
2102
2103
2104
2105
2107
2108
2109
2110
2111
2112
2113
2114
2115
2116
2118
2119
2120
2121
2122
2123
2125
2126
2127
2128
2129
2130
2131
2133
2134
2135
2136
2138
2139
2141
2142
2143
2144
2145
2147
2149
2150
2151
2152
2154
2155
2156
2157
2159
2160
2161
2162
2164
2165
2166
2169
2171
2178
2179
2180
2181
2182
2183
2184
2185
2187
2190
2192
2193
2195
2196
2197
2198
2200
2201
2202
2203
2204
2205
2206
2207
2209
2210
2211
2214
2215
2216
2217
2218
2219
2221
2222
2223
2224
2225
2227
2228
2229
2234
2237
2241
2242
2243
2244
2245
2246
2247
2252
2255
2256
2257
2258
2259
2260
2262
2263
2265
2268
2269
2270
2271
2273
2274
2275
2276
2281
2284
2286
2288
2289
2290
2293
2294
2295
2296
2297
2298
2299
2300
2301
2302
2303
2304
2305
2306
2307
2308
2310
2311
2312
2313
2314
2315
2316
2320
2322
2323
2324
2326
2327
2329
2331
2332
2333
2334
2338
2339
2340
2342
2343
2346
2347
2348
2349
2350
2353
2354
2356
2358
2359
2363
2364
2366
2367
2368
2369
2370
2373
2374
2375
2376
2377
2378
2379
2380
2381
2382
2383
2384
2385
2388
2389
2390
2392
2393
2395
2396
2397
2398
2399
2400
2401
2403
2406
2407
2408
2409
2410
2412
2413
2414
2415
2417
2420
2421
2422
2425
2426
2428
2429
2430
2432
2433
2434
2435
2437
2438
2439
2440
2441
2442
2443
2444
2448
2449
2450
2452
2455
2456
2457
2459
2460
2462
2463
2464
2465
2467
2469
2472
2473
2474
2478
2480
2482
2483
2484
2485
2486
2487
2488
2489
2491
2493
2495
2496
2497
2498
2499
2500
2503
2504
2505
2506
2507
2508
2510
2511
2513
2514
2515
2516
2517
2518
2519
2521
2522
2523
2524
2525
2528
2529
2530
2533
2535
2538
2539
2540
2544
2545
2547
2548
2550
2551
2552
2555
2557
2558
2559
2562
2563
2564
2566
2567
2568
2569
2571
2573
2575
2576
2579
2580
2581
2582
2583
2584
2587
2588
2589
2593
2594
2596
2597
2598
2599
2601
2602
2603
2604
2605
2606
2608
2609
2610
2612
2613
2614
2615
2616
2617
2618
2619
2621
2622
2623
2624
2625
2626
2627
2628
2629
2630
2632
2633
2635
2636
2638
2642
2643
2644
2645
2646
2647
2650
2651
2652
2654
2655
2659
2660
2662
2665
2666
2667
2668
2669
2670
2671
2672
2674
2675
2676
2679
2680
2681
2683
2684
2685
2686
2687
2689
2693
2694
2695
2696
2697
2698
2699
2700
2703
2704
2706
2708
2709
2712
2714
2715
2716
2717
2718
2719
2721
2723
2725
2726
2727
2728
2730
2732
2734
2735
2736
2737
2738
2739
2740
2741
2743
2744
2745
2748
2749
2750
2751
2753
2755
2757
2760
2761
2762
2763
2764
2766
2767
2768
2769
2771
2773
2776
2778
2779
2781
2783
2786
2790
2791
2794
2795
2797
2798
2799
2801
2802
2803
2804
2805
2806
2807
2808
2810
2811
2812
2813
2815
2816
2819
2820
2821
2822
2823
2824
2826
2827
2829
2830
2833
2834
2835
2836
2837
2838
2839
2840
2841
2842
2843
2844
2846
2847
2848
2849
2850
2852
2853
2854
2855
2856
2857
2858
2859
2861
2862
2868
2870
2871
2872
2873
2874
2875
2878
2879
2880
2885
2886
2888
2889
2890
2892
2893
2894
2895
2896
2899
2900
2901
2904
2905
2906
2908
2909
2910
2912
2913
2914
2915
2916
2917
2918
2919
2920
2921
2922
2923
2924
2927
2928
2929
2930
2931
2933
2934
2936
2938
2940
2942
2943
2944
2945
2946
2947
2948
2949
2950
2951
2952
2953
2954
2956
2958
2959
2960
2961
2962
2967
2969
2970
2973
2975
2976
2977
2978
2979
2980
2981
2983
2986
2987
2990
2991
2992
2993
2994
2995
2996
2999
3000
3001
3002
3003
3004
3005
3006
3007
3008
3009
3011
3013
3016
3017
3018
3019
3023
3026
3027
3029
3030
3031
3034
3035
3037
3038
3039
3042
3043
3045
3046
3047
3048
3049
3050
3051
3052
3054
3056
3057
3058
3061
3062
3063
3065
3066
3068
3069
3070
3073
3074
3076
3077
3078
3079
3080
3081
3083
3084
3085
3088
3089
3090
3092
3093
3094
3095
3096
3097
3098
3099
3100
3102
3103
3104
3107
3108
3110
3111
3112
3116
3118
3119
3120
3123
3126
3128
3130
3131
3132
3133
3135
3136
3137
3139
3140
3141
3142
3144
3145
3147
3148
3149
3151
3154
3155
3157
3158
3159
3160
3161
3162
3165
3166
3168
3169
3171
3172
3173
3175
3176
3177
3178
3179
3180
3181
3182
3183
3185
3187
3188
3189
3190
3192
3193
3194
3196
3197
3198
3200
3201
3202
3203
3204
3205
3206
3207
3208
3209
3210
3212
3213
3214
3215
3216
3217
3218
3219
3220
3221
3222
3223
3224
3225
3226
3227
3229
3230
3231
3232
3234
3235
3236
3237
3239
3240
3241
3244
3245
3246
3247
3249
3251
3252
3254
3255
3258
3259
3260
3261
3264
3266
3268
3270
3271
3273
3276
3278
3279
3280
3282
3285
3288
3289
3290
3292
3293
3294
3295
3296
3300
3301
3302
3303
3304
3305
3306
3307
3309
3310
3311
3315
3316
3317
3318
3320
3321
3322
3323
3324
3325
3326
3328
3329
3331
3332
3333
3334
3336
3337
3338
3339
3341
3342
3348
3350
3351
3352
3353
3354
3355
3356
3357
3358
3360
3361
3362
3363
3364
3365
3367
3369
3370
3371
3372
3374
3375
3377
3379
3380
3381
3382
3383
3384
3385
3387
3388
3389
3391
3392
3394
3395
3397
3398
3401
3402
3403
3405
3406
3409
3411
3412
3414
3415
3416
3417
3418
3419
3420
3421
3423
3424
3425
3426
3427
3428
3429
3431
3432
3436
3438
3439
3441
3443
3444
3446
3447
3448
3450
3451
3452
3453
3455
3456
3458
3460
3461
3462
3464
3471
3472
3473
3475
3477
3478
3479
3480
3481
3482
3484
3485
3487
3488
3489
3490
3491
3492
3494
3495
3498
3499
3500
3501
3502
3503
3505
3506
3507
3508
3509
3511
3514
3515
3518
3519
3520
3523
3526
3527
3530
3531
3533
3535
3536
3537
3539
3541
3542
3543
3544
3545
3546
3547
3548
3549
3550
3551
3553
3554
3555
3557
3558
3559
3561
3563
3564
3565
3566
3567
3572
3576
3577
3579
3581
3582
3583
3585
3588
3591
3592
3593
3594
3595
3596
3597
3599
3601
3602
3605
3606
3608
3611
3613
3614
3615
3616
3617
3618
3621
3624
3625
3628
3629
3632
3636
3637
3638
3640
3641
3642
3644
3645
3646
3647
3648
3649
3650
3651
3652
3654
3655
3656
3657
3658
3660
3661
3662
3663
3664
3665
3666
3667
3668
3669
3670
3671
3674
3677
3679
3682
3683
3684
3686
3688
3689
3690
3692
3694
3695
3697
3698
3701
3702
3704
3705
3706
3707
3708
3709
3710
3711
3712
3713
3714
3719
3721
3722
3723
3724
3727
3729
3730
3732
3733
3734
3735
3736
3737
3738
3739
3741
3747
3748
3749
3751
3752
3754
3756
3757
3758
3760
3761
3762
3763
3766
3768
3769
3772
3773
3774
3775
3776
3777
3779
3780
3782
3784
3786
3788
3789
3792
3793
3794
3795
3796
3797
3798
3799
3800
3802
3803
3805
3808
3811
3813
3814
3815
3816
3818
3819
3820
3821
3822
3823
3824
3825
3827
3828
3830
3831
3832
3833
3834
3836
3838
3839
3841
3844
3845
3848
3849
3854
3857
3858
3859
3860
3861
3862
3864
3865
3866
3867
3868
3870
3872
3874
3876
3878
3881
3882
3883
3884
3885
3887
3888
3890
3891
3892
3895
3896
3898
3899
3900
3903
3904
3905
3907
3909
3910
3911
3912
3913
3915
3916
3917
3918
3919
3920
3923
3925
3926
3927
3928
3929
3930
3931
3932
3933
3934
3935
3936
3938
3939
3940
3941
3942
3943
3945
3946
3947
3949
3950
3952
3954
3955
3956
3957
3958
3960
3962
3963
3964
3965
3966
3969
3972
3973
3974
3975
3976
3978
3980
3981
3983
3985
3986
3988
3989
3990
3991
3992
3993
3994
3996
3997
3999
4001
4002
4004
4005
4006
4007
4008
4010
4011
4013
4014
4015
4018
4019
4020
4023
4024
4025
4026
4027
4028
4030
4031
4032
4033
4034
4035
4037
4038
4039
4040
4041
4042
4044
4045
4047
4049
4051
4052
4053
4054
4055
4056
4057
4060
4061
4062
4063
4064
4065
4066
4067
4068
4069
4071
4072
4073
4074
4076
4078
4079
4080
4081
4082
4085
4086
4087
4088
4089
4091
4092
4093
4094
4096
4097
4098
4102
4103
4104
4105
4106
4107
4109
4110
4112
4114
4116
4117
4118
4119
4121
4122
4123
4124
4125
4126
4127
4129
4130
4131
4132
4133
4135
4137
4138
4139
4143
4144
4146
4147
4148
4149
4150
4151
4152
4153
4156
4158
4162
4163
4165
4167
4168
4170
4171
4172
4173
4176
4177
4179
4180
4181
4183
4184
4185
4186
4187
4189
4191
4192
4193
4194
4195
4196
4197
4199
4200
4201
4202
4203
4204
4207
4208
4209
4210
4211
4213
4214
4215
4217
4218
4219
4220
4221
4224
4225
4226
4228
4229
4230
4231
4232
4234
4235
4236
4237
4238
4239
4241
4242
4243
4245
4246
4247
4249
4250
4251
4253
4254
4255
4256
4257
4258
4259
4261
4262
4263
4264
4265
4266
4267
4268
4269
4270
4273
4274
4276
4277
4278
4279
4280
4282
4284
4285
4286
4287
4288
4289
4290
4291
4292
4295
4296
4297
4299
4300
4301
4302
4303
4304
4305
4306
4307
4308
4311
4312
4315
4316
4318
4319
4320
4322
4324
4325
4326
4327
4328
4329
4330
4331
4332
4333
4336
4337
4339
4340
4341
4342
4343
4344
4348
4353
4354
4355
4356
4357
4358
4360
4361
4362
4366
4367
4368
4369
4370
4371
4373
4374
4375
4377
4378
4379
4380
4381
4382
4383
4384
4385
4386
4387
4388
4389
4391
4392
4395
4397
4398
4400
4401
4402
4403
4406
4407
4408
4412
4414
4415
4417
4420
4421
4422
4423
4427
4428
4430
4431
4432
4434
4435
4436
4438
4439
4441
4443
4444
4447
4449
4450
4453
4454
4455
4456
4457
4458
4459
4463
4464
4466
4467
4469
4471
4472
4473
4475
4476
4479
4480
4481
4482
4483
4484
4485
4486
4488
4490
4491
4492
4494
4495
4496
4498
4499
4501
4502
4503
4505
4506
4508
4510
4511
4512
4514
4515
4519
4521
4524
4526
4528
4529
4530
4531
4532
4536
4537
4539
4540
4543
4545
4547
4548
4550
4551
4552
4556
4559
4560
4564
4565
4568
4569
4570
4571
4574
4575
4576
4577
4578
4580
4581
4582
4583
4584
4585
4586
4588
4589
4590
4592
4593
4594
4596
4597
4603
4605
4606
4607
4608
4609
4610
4612
4614
4615
4616
4617
4618
4620
4622
4623
4625
4627
4628
4629
4630
4632
4633
4634
4636
4638
4639
4640
4641
4642
4643
4644
4645
4646
4649
4650
4651
4652
4653
4654
4655
4656
4657
4658
4660
4661
4664
4665
4666
4668
4670
4671
4672
4673
4674
4675
4676
4677
4679
4680
4681
4682
4683
4684
4687
4688
4689
4690
4691
4692
4693
4694
4695
4696
4697
4698
4699
4700
4701
4702
4704
4705
4706
4707
4708
4710
4711
4712
4714
4715
4718
4719
4720
4722
4723
4725
4726
4729
4732
4734
4735
4736
4737
4738
4739
4740
4742
4744
4746
4747
4749
4750
4753
4754
4755
4756
4758
4759
4760
4762
4763
4764
4766
4768
4769
4770
4771
4773
4774
4776
4777
4779
4780
4783
4784
4787
4788
4790
4792
4793
4794
4795
4797
4799
4800
4801
4803
4804
4807
4808
4811
4812
4815
4817
4818
4819
4823
4824
4825
4826
4827
4829
4831
4833
4834
4836
4839
4840
4841
4842
4843
4844
4845
4846
4847
4848
4850
4852
4853
4855
4856
4857
4858
4859
4860
4861
4863
4867
4868
4869
4870
4872
4873
4874
4877
4879
4880
4881
4883
4885
4890
4891
4892
4893
4894
4895
4896
4897
4898
4899
4901
4902
4903
4904
4905
4906
4908
4909
4910
4913
4914
4915
4916
4917
4918
4920
4922
4925
4926
4927
4928
4929
4931
4934
4935
4936
4937
4938
4939
4940
4941
4944
4945
4947
4948
4949
4950
4951
4953
4954
4956
4957
4958
4959
4960
4961
4963
4965
4966
4968
4969
4971
4972
4973
4974
4976
4977
4978
4979
4981
4982
4983
4984
4985
4986
4987
4988
4990
4992
4993
4994
4998
4999
5001
5002
5003
5004
5005
5006
5007
5009
5010
5013
5014
5015
5017
5020
5021
5022
5023
5024
5025
5027
5028
5029
5031
5032
5033
5034
5035
5037
5039
5040
5041
5042
5044
5045
5047
5048
5049
5050
5051
5052
5053
5054
5055
5056
5057
5058
5059
5060
5061
5062
5063
5064
5065
5066
5068
5070
5071
5072
5076
5078
5079
5081
5082
5083
5084
5086
5087
5092
5093
5094
5095
5096
5097
5099
5100
5102
5104
5106
5107
5108
5109
5110
5111
5112
5113
5114
5116
5118
5119
5121
5122
5124
5125
5126
5127
5128
5129
5130
5131
5133
5136
5137
5140
5142
5143
5144
5145
5147
5148
5151
5152
5153
5154
5155
5156
5157
5158
5159
5161
5162
5163
5164
5165
5166
5167
5168
5169
5171
5172
5173
5174
5175
5176
5177
5178
5179
5181
5183
5184
5185
5187
5188
5189
5190
5191
5192
5193
5198
5201
5203
5204
5206
5209
5210
5211
5212
5214
5216
5217
5218
5219
5222
5225
5226
5227
5228
5229
5230
5231
5232
5233
5236
5237
5238
5240
5241
5242
5244
5246
5247
5248
5252
5254
5255
5258
5259
5260
5261
5262
5263
5264
5265
5268
5269
5271
5272
5273
5274
5275
5276
5277
5279
5281
5282
5283
5285
5286
5287
5290
5291
5292
5295
5296
5297
5298
5299
5300
5301
5302
5303
5304
5305
5307
5308
5312
5313
5315
5316
5317
5318
5319
5322
5323
5326
5327
5331
5332
5333
5335
5336
5337
5338
5339
5340
5341
5342
5346
5347
5348
5350
5351
5352
5353
5355
5356
5359
5360
5362
5365
5366
5367
5368
5369
5371
5372
5373
5374
5376
5377
5380
5382
5383
5384
5385
5387
5388
5389
5390
5391
5392
5393
5394
5400
5401
5403
5404
5406
5409
5412
5413
5415
5416
5417
5419
5421
5424
5425
5426
5431
5433
5434
5436
5437
5439
5440
5443
5445
5447
5449
5450
5452
5455
5457
5458
5460
5461
5465
5466
5467
5468
5469
5470
5473
5474
5475
5476
5477
5478
5479
5480
5482
5483
5484
5485
5486
5489
5493
5494
5495
5496
5498
5499
5500
5501
5502
5505
5506
5507
5508
5509
5510
5511
5512
5513
5514
5515
5518
5520
5521
5522
5524
5525
5526
5527
5528
5529
5531
5533
5536
5537
5538
5539
5541
5543
5545
5546
5547
5548
5551
5552
5555
5556
5557
5559
5560
5561
5562
5563
5564
5565
5566
5567
5568
5569
5570
5572
5574
5576
5578
5579
5580
5581
5583
5584
5586
5587
5588
5589
5590
5592
5593
5594
5596
5597
5598
5601
5603
5604
5606
5610
5611
5612
5613
5614
5615
5616
5617
5619
5621
5622
5623
5624
5625
5626
5628
5629
5630
5631
5632
5633
5634
5636
5637
5639
5641
5642
5644
5645
5646
5647
5648
5649
5650
5653
5654
5655
5656
5657
5658
5659
5660
5661
5662
5664
5665
5666
5667
5669
5670
5671
5672
5673
5675
5677
5678
5679
5680
5682
5683
5684
5685
5686
5687
5688
5689
5691
5692
5693
5694
5695
5698
5700
5701
5702
5703
5704
5708
5709
5710
5711
5712
5714
5716
5718
5719
5721
5722
5723
5724
5725
5726
5728
5729
5730
5731
5734
5735
5736
5737
5738
5739
5741
5742
5744
5745
5747
5749
5752
5753
5754
5755
5756
5757
5760
5761
5762
5763
5764
5766
5767
5768
5769
5770
5771
5773
5774
5775
5776
5777
5779
5781
5782
5783
5784
5785
5787
5788
5789
5790
5792
5793
5795
5798
5799
5800
5801
5802
5803
5804
5805
5807
5808
5809
5810
5811
5813
5815
5817
5818
5819
5820
5825
5826
5828
5829
5830
5831
5833
5834
5835
5836
5838
5839
5840
5841
5842
5843
5845
5846
5848
5849
5852
5853
5854
5855
5856
5858
5859
5860
5861
5862
5864
5865
5867
5868
5870
5872
5873
5875
5876
5877
5879
5880
5881
5883
5884
5885
5886
5887
5888
5889
5890
5891
5893
5894
5895
5897
5898
5899
5900
5901
5902
5903
5904
5905
5906
5907
5908
5909
5912
5913
5914
5916
5917
5918
5920
5921
5922
5923
5924
5926
5927
5928
5930
5931
5932
5933
5934
5935
5936
5937
5939
5940
5941
5943
5944
5945
5947
5948
5950
5954
5956
5957
5958
5959
5960
5961
5963
5964
5965
5966
5967
5968
5971
5972
5973
5974
5975
5977
5978
5979
5980
5981
5982
5983
5984
5985
5986
5987
5989
5990
5991
5992
5993
5995
5996
5997
5998
5999
6000
