29
486 378 507 401
534 353 558 377
591 396 611 417
699 315 727 343
858 298 887 328
1040 388 1061 408
638 477 645 486
650 475 656 484
572 476 579 485
623 503 627 509
850 508 858 515
927 505 937 513
940 480 948 488
968 497 976 507
986 505 994 514
985 500 989 504
1002 451 1010 459
1071 442 1079 453
399 523 402 526
452 517 455 521
461 523 464 527
465 518 468 522
516 511 519 516
520 513 524 518
494 517 498 523
133 519 137 523
261 530 265 535
213 543 216 546
271 531 274 535
